task_id,length,priority,deadline,cpu_req,memory_req,bandwidth,vm_id,execution_time
1,4500,5,15,90,4096,800,1,45
2,100,1,60,5,128,10,3,2
3,3800,5,12,85,3584,750,1,40
4,150,1,55,8,256,15,4,3
5,4200,5,10,92,4096,820,1,43
6,200,2,50,10,256,20,3,4
7,3500,4,14,80,3072,700,2,38
8,120,1,65,6,128,12,4,2
9,4800,5,8,95,4096,900,1,48
10,180,1,70,7,128,14,4,3
11,3200,4,16,75,2048,650,2,35
12,250,2,45,12,256,25,3,5
13,4100,5,11,88,4096,810,1,42
14,130,1,58,6,128,11,4,2
15,3600,4,13,82,3072,720,2,37
16,300,2,40,15,512,30,3,6
17,4700,5,9,93,4096,880,1,47
18,160,1,62,7,128,13,4,3
19,3300,4,15,78,2048,670,2,36
20,220,2,48,11,256,22,3,4
21,4400,5,10,91,4096,840,1,44
22,140,1,60,6,128,12,4,2
23,3700,4,13,83,3072,730,2,38
24,280,2,42,14,512,28,3,5
25,4900,5,7,96,4096,920,1,49
26,110,1,68,5,128,10,4,2
27,3100,4,17,73,2048,630,2,34
28,260,2,44,13,256,26,3,5
29,4300,5,11,89,4096,830,1,43
30,170,1,64,7,128,14,4,3
31,3400,4,14,79,3072,680,2,37
32,240,2,46,12,256,24,3,5
33,4600,5,9,94,4096,870,1,46
34,190,1,66,8,128,15,4,3
35,3000,4,18,71,2048,610,2,33
36,320,2,38,16,512,32,3,6
37,4000,5,12,87,4096,800,1,41
38,145,1,57,6,128,11,4,2
39,3900,4,12,86,3072,760,2,40
40,210,2,49,10,256,21,3,4
41,4500,5,10,90,4096,850,1,45
42,135,1,61,6,128,12,4,2
43,3200,4,16,76,2048,645,2,35
44,270,2,43,13,512,27,3,5
45,4800,5,8,95,4096,910,1,48
46,155,1,63,7,128,13,4,3
47,3600,4,13,81,3072,715,2,37
48,230,2,47,11,256,23,3,4
49,4100,5,11,88,4096,815,1,42
50,175,1,65,7,128,14,4,3